time,x,y,z,phi,theta,psi,x_velocity,y_velocity,z_velocity,phi_velocity,theta_velocity,psi_velocity,rotor_speed1,rotor_speed2,rotor_speed3,rotor_speed4
0.06,-1.1816006588045838e-06,7.698360201457828e-07,10.004354386447442,0.0005686659808841199,0.0007922241175331024,0.0,-9.137252759305222e-05,6.167148276537931e-05,0.14513806078856892,0.023737919455361828,0.03139663035662598,0.0,449.07229948838614,451.6113599984224,450.68619002428807,452.6003183950674
0.12000000000000001,-3.5734325810280373e-05,2.595217910912932e-05,10.02080589607348,0.002256750503689453,0.002757738416239164,0.0,-0.0013018762627020264,0.0009743724362166234,0.4031892896321161,0.03572898249816785,0.035351596841732114,0.0,484.72906188836816,485.02644249859026,483.6811602252627,484.5833643187495
0.18,-0.0001959501188272457,0.0001533624543124257,10.053363853792881,0.0041513026049804225,0.004981043325436474,0.0,-0.004317596955977014,0.003533855815724137,0.6819497254741964,0.021610124189143917,0.040260487370003054,0.0,490.02138628424683,490.38660305610097,491.44712924794135,490.3999146102412
0.23999999999999996,-0.0005502387512721447,0.00044254773261859703,10.094179516406243,0.005523270139796033,0.007135831673690696,0.0,-0.007691766486906055,0.0062214356830658235,0.6785727004184505,0.025266437290411455,0.02537397527929737,0.0,403.76996391232876,402.42560148519505,403.26117664024133,403.5913695686766
0.3,-0.0011749026427485994,0.0009430498968319948,10.139161464933066,0.006689911379516467,0.009074056652404572,0.0,-0.013319935702547797,0.010610680958051717,0.8207314355929745,0.004048480613456213,0.043440924820994646,0.0,449.06670333013255,450.53000353971686,452.2190401507413,450.5068777558081
0.36000000000000004,-0.0021850255626643215,0.0017285671471231443,10.192827588293031,0.007097956910055991,0.011470154715052416,0.0,-0.020623640450980894,0.015608457171309313,0.9680227858628836,0.011804229471165634,0.03179479782569689,0.0,452.6483053635625,451.71101142559087,452.257086081088,452.88115223958545
0.4200000000000001,-0.003744838872931312,0.002862305539587949,10.260526569709148,0.007393797194045426,0.013191504989247704,0.0,-0.031611966781870254,0.022256017269638897,1.2883017301716388,-0.014648821533127724,0.02161545741457399,0.0,503.85773110899834,503.1214874332241,503.3366105164244,501.4187416254604
0.48000000000000015,-0.005916778734020255,0.004345791470800339,10.340659541588106,0.006188466296024764,0.014383970527235057,0.0,-0.04091077252448286,0.027090448188004556,1.3826864712581153,-0.03413040634752622,0.016143118831013343,0.0,437.1354645681327,436.67923569101805,437.5086149537519,435.8836955394532
0.5400000000000001,-0.00865584835127373,0.006084563630281001,10.425458180218474,0.0042627151355913995,0.015770256024135065,0.0,-0.05050647863927615,0.030677163648400334,1.443858467992667,-0.028309835723134457,0.03428422882733551,0.0,424.8703235004733,426.42276740326025,426.8060968085845,427.3020998495644
0.6000000000000002,-0.011972903425411748,0.007995279574667861,10.512181719356741,0.002609363334124204,0.01761441915010753,0.0,-0.060234032284580886,0.032866423645631394,1.4469197663865008,-0.02608924567419173,0.02247997328627812,0.0,407.76042719711364,406.70503681370127,406.95118086770464,407.14961769685806
0.6600000000000003,-0.016031277788406267,0.010025553273886368,10.606210722723507,0.0014855497195780387,0.018653363717405114,0.0,-0.0751894122033504,0.03464725100373312,1.6870548150269211,-0.007037819594321791,0.004204635067143556,0.0,481.88116743891277,480.497743022471,480.8079924847557,482.2491005534718
0.7200000000000003,-0.021003122130624823,0.012138975071073956,10.71436481307398,0.0010872835815254334,0.019294261221934228,0.0,-0.09058931762391306,0.03574985630294299,1.9177223205655616,-0.005849406613370372,0.021222357905817082,0.0,478.6509006329445,479.9440391178764,479.2522548550435,479.3426775649569
0.7800000000000004,-0.026807595516950087,0.01430332134934065,10.830642466302745,0.0008658858605175013,0.020925734345257574,0.0,-0.10302924629904958,0.036368559383107874,1.9581277320870967,0.0003127224994017566,0.03704190482326903,0.0,420.48217142450534,421.85054747800535,421.1289886127416,421.6617026956455
0.8400000000000004,-0.03349341364291128,0.016505826102151462,10.9540658335287,0.0005679242730805001,0.023472741161732813,0.0,-0.1201036668487554,0.037035121720344046,2.1556264247491335,-0.01846125276695319,0.051517636250248064,0.0,469.804608486201,470.92644349432544,471.3209915556091,469.8679421674813
0.9000000000000005,-0.04122501008210686,0.018735770844057236,11.087562609447199,6.282609115737397,0.02696108741595893,0.0,-0.13796680589674354,0.03717505033076772,2.2939887579356313,-0.020311721644431433,0.06886845856057036,0.0,452.99619290338666,454.391424579518,453.20550702085507,453.05681079368634
0.9600000000000005,-0.0501970141478575,0.0209462465521699,11.232543820642764,6.280966549553948,0.03056784699892834,0.0,-0.16157863052880922,0.03633923009713813,2.5381930342273242,-0.04779736617411024,0.030061697401121586,0.0,487.3254957307092,484.4181493974578,485.962816114214,483.89801563716736
1.0200000000000005,-0.06058338379707644,0.023065095139112254,11.389526525888732,6.278117257124357,0.03277432009956627,0.0,-0.18484703609384917,0.03397477903500369,2.6941995718913074,-0.04687714741442936,0.04762658053685011,0.0,459.2261755172251,460.6178685991047,461.0139990143859,461.08542915927467
1.0800000000000005,-0.07238872873726751,0.024984151915234787,11.554901451226952,6.27546199687472,0.03675339028607372,0.0,-0.20903070575020088,0.029707511877107344,2.817983955613024,-0.03946770848037261,0.08925009263720055,0.0,449.8279656332669,453.18881003610676,451.0003369844657,451.59729135682363
1.1400000000000006,-0.08562777601931847,0.02661594383581219,11.724772971753298,6.272678612670198,0.04207596353410903,0.0,-0.232754927859771,0.024457016909187022,2.844310626331362,-0.06616906020038618,0.08760674095297469,0.0,420.7330822625656,420.5978161365629,422.3487056770658,420.03779266356986
1.2000000000000006,-0.10080245910540857,0.027767830407061957,11.905835253243804,6.268736574733429,0.04737235417590391,0.0,-0.27375915209330615,0.013402514497648892,3.1901561721698135,-0.06478029582033727,0.08957293936320432,0.0,516.4760355186046,516.6199723561031,515.9735957821974,516.0690888476188
1.2600000000000007,-0.11834068475369805,0.028223317557168785,12.102560079205029,6.264799739780409,0.052601367021865464,0.0,-0.3114255221672387,0.001345382340924268,3.3667913780070333,-0.06733469948297895,0.0818055034643648,0.0,470.707151752512,470.11146793562614,470.1796312095947,469.9787559015783
1.3200000000000007,-0.13806314783958715,0.027933767750358662,12.306252244923543,6.260794481947702,0.05746346370235056,0.0,-0.3464479329395346,-0.011377276427495194,3.4227409634100914,-0.06561861061920057,0.07944852389296549,0.0,434.69571270083765,434.5036140683528,433.5127783309733,433.65351161075927
1.3800000000000008,-0.15997290706847286,0.02680705065331656,12.513159048467374,6.256948495731759,0.062354031805701204,0.0,-0.38432689048194085,-0.02654415033498216,3.473952945911434,-0.06122440617328226,0.08533965314008196,0.0,432.52588648415855,433.027324421563,433.07294761006057,433.4392855367545
1.4400000000000008,-0.1842215959130555,0.0247098428231719,12.722669584019894,6.25304387970812,0.06764074390162556,0.0,-0.4244382012311461,-0.043707660204690475,3.509570859144409,-0.07417547932950974,0.09314499482856907,0.0,427.9140880127793,428.5847878391029,429.08982772375606,427.98553413425566
1.5000000000000009,-0.21105224557160754,0.02147495677990533,12.935368103601194,6.249020424115237,0.07428774943405703,0.0,-0.4705124592185143,-0.06452402699666536,3.580090860508857,-0.0556791199128116,0.13288020233345604,0.0,438.2065639693511,441.5075718284552,439.39631810849056,440.9235565363328
1.560000000000001,-0.24105711089071624,0.016791449015105563,13.155851647629564,6.2457595040575775,0.08217569131861335,0.0,-0.5305166197271565,-0.09194808781802138,3.7686520826665975,-0.05181329888540412,0.12847837486459115,0.0,476.9197801211699,476.5980207680244,476.52838331750695,476.8220615569042
1.620000000000001,-0.2741333050723694,0.010710955152431407,13.379134973107377,6.242696499986248,0.0901206190891779,0.0,-0.5726238477217378,-0.110970028024271,3.674356793794872,-0.04956623783963743,0.13930495575647614,0.0,385.7014958350153,386.74164102854564,386.3603078187929,386.5700352237223
1.680000000000001,-0.31041852986396334,0.0031935817262195468,13.602859174965863,6.239601315384245,0.09791472727529094,0.0,-0.6377024233869106,-0.13990268883940724,3.7826419175702193,-0.055966558889161654,0.09408772031141145,0.0,455.1263109548631,451.50647491755285,454.0711389237794,453.55570639055935
1.740000000000001,-0.35041793069528165,-0.005972604658965235,13.829610849372944,6.236125251755558,0.10328388400655886,0.0,-0.6960913536585291,-0.16592853110747718,3.775680849345403,-0.06219116803365458,0.0781814270778921,0.0,417.9028791013922,416.5211396979167,417.84494205591744,417.2993213834879
1.8000000000000012,-0.39468085996203195,-0.01706607876419329,14.062322221487346,6.2330044943302045,0.10773472360841119,0.0,-0.7798076954230794,-0.2042123318347528,3.9805563058572258,-0.036964953552536435,0.06466074515866133,0.0,485.28798223489986,484.27572838590635,481.57270156287296,483.47546332201665
1.8600000000000012,-0.4433031244117579,-0.03016822122358051,14.300271735336352,6.230703314271027,0.11140553962688937,0.0,-0.8412630945905796,-0.2327146244155543,3.9511185914764297,-0.04128380204433452,0.053111203872672076,0.0,412.3799334425942,411.36132854835387,411.717939690222,411.3347649109935
1.9200000000000013,-0.496059967271669,-0.045201030056643686,14.539872470184893,6.228289747225952,0.11486627188191001,0.0,-0.9176018552739449,-0.2686028803723953,4.035184620005751,-0.038191006146876476,0.06552630239340279,0.0,448.46306229615584,449.47266037444246,448.5036701082836,448.75399264521457
1.9800000000000013,-0.5537157085514776,-0.06255100672655232,14.786605555712054,6.22557071360273,0.11895976539536779,0.0,-1.0046372842572557,-0.3099618106678764,4.188579443331525,-0.06601514683690572,0.0731368192827327,0.0,470.72943581353036,471.32124075816677,471.7799456457563,469.6252556332443
2.0400000000000014,-0.6167433225408422,-0.0824760236872721,15.042980831232343,6.221551655519679,0.12339481818758191,0.0,-1.0967054012096278,-0.3546086990086145,4.35648556007232,-0.0689956467507729,0.07543416129013424,0.0,477.0380746399363,477.2173291173578,476.12479555289354,475.8936654190083
2.1000000000000014,-0.6849874491870706,-0.10496524947216675,15.306121792464397,6.217753650036796,0.12832400727439985,0.0,-1.1785307804676421,-0.3953895074620632,4.414511255801301,-0.05383035266809351,0.09300960093961448,0.0,444.60804933835664,446.0511788571684,443.0390100824645,444.2812805558526
2.1600000000000015,-0.7583690317631145,-0.1300353725483458,15.573692626251884,6.214226501312227,0.13428833177433308,0.0,-1.2680618511731183,-0.4405856502840249,4.503990560198375,-0.07120827860292153,0.10983039781143875,0.0,453.80760190386945,455.16406190585747,456.5686714538912,455.177505883651
2.2200000000000015,-0.8371609919440229,-0.15784595420516717,15.845954691136532,6.2101764136341195,0.14031728502061647,0.0,-1.3589320106907,-0.48680724833187733,4.57094332710951,-0.06096558497133594,0.06524012929170064,0.0,451.59610137426546,447.99222713915816,448.3252831929121,449.1534270369178
2.2800000000000016,-0.9214388630714694,-0.18846612245581754,16.121664775531695,6.2060898439078915,0.1437893068349405,0.0,-1.4506655648226263,-0.5342012039857755,4.619035444722553,-0.08888159595122895,0.03600736127865558,0.0,445.24203602928054,442.84580081140166,445.58078535755646,443.28861582173175
2.3400000000000016,-1.0112157799207637,-0.22197618041373293,16.39976905579415,6.2009858984010755,0.14561673028212763,0.0,-1.542077951679058,-0.583261898494924,4.650826306525559,-0.07836110944496036,0.01603435392834899,0.0,440.2873256862265,438.63184674398275,439.63989688831464,440.50475969522137
2.4000000000000017,-1.1070389291332692,-0.2588202238771027,16.683340167838676,6.195875909001188,0.14659372464666376,0.0,-1.6520546534126708,-0.6453429999705264,4.800754480929308,-0.10442769411160438,0.016776399032048632,0.0,478.24755305179815,478.3039644701912,476.5777299656728,474.575156452007
2.4600000000000017,-1.2092435160782888,-0.2993622325793944,16.97423918360784,6.189694895289412,0.14797797924265677,0.0,-1.7548435953245973,-0.7066413700437411,4.895291533199503,-0.10033699074875688,0.033365485786904646,0.0,461.8206665853266,463.1275011254983,460.9602343562674,461.27461749254655
2.520000000000002,-1.3171461964466873,-0.3433861263870879,17.2674140135448,6.184649716838429,0.14983521823632096,0.0,-1.8421061275964705,-0.7612781572527635,4.877113345507369,-0.06313522535944911,0.025633757671292442,0.0,427.97711881658444,427.3187920199277,424.75540089344776,427.92756010133115
2.580000000000002,-1.430352853723565,-0.3907888878295239,17.559688523313408,6.181158867421349,0.15134971064417968,0.0,-1.9316090651208833,-0.8191212129177262,4.865268025678149,-0.049765454647684115,0.024445443343820088,0.0,428.55373272767656,428.4528317918445,429.48984597544126,430.6199413988999
2.640000000000002,-1.5489266867425944,-0.441696399952985,17.851003332393425,6.177818135306129,0.15266513167159346,0.0,-2.02100783018155,-0.8780613403973905,4.845162464041635,-0.0714002065936651,0.016332175962289166,0.0,427.3542224272976,426.6620261416289,427.42534855797277,425.5748365256421
2.700000000000002,-1.6726119420452765,-0.4960081119138948,18.139281879988044,6.173780329997342,0.15337218164941202,0.0,-2.1019834789806247,-0.932673623356359,4.7643308300190785,-0.060148686864915896,0.0006348807634248528,0.0,407.0530101919945,405.6454969601993,405.39855816029666,406.4045648467915
2.760000000000002,-1.80187993280975,-0.5541595687347525,18.427244551825627,6.169827734935534,0.15344267165460934,0.0,-2.2069397139667832,-1.0060341697568318,4.833959372547451,-0.08092124546555304,0.002233532177415237,0.0,455.73828753778366,455.8660407165713,455.9357895761151,454.26962344248324
2.820000000000002,-1.9370323240496115,-0.6164835818091609,18.716644739691144,6.164811736309478,0.15330322221474546,0.0,-2.2981925777133783,-1.0718528168501156,4.812643718779028,-0.08957817503522586,-0.013504115838475043,0.0,427.6648549198409,426.3220967474433,427.53627769165973,426.79187262767897
2.880000000000002,-2.077616154867834,-0.6828070681588735,19.004436047325143,6.159184525288925,0.15230493271940482,0.0,-2.38792612583745,-1.1393958434960603,4.780385029040821,-0.1039083038876178,-0.023786973820215322,0.0,423.28295618027073,422.39701607358774,424.88985412812525,423.6512660954523
2.940000000000002,-2.223499753802951,-0.753217798313581,19.289773377300097,6.152841795332069,0.15124327643587776,0.0,-2.4748434663654444,-1.2081551365954013,4.730912973834809,-0.1095852212521943,-0.007673391471803871,0.0,417.143591590952,418.5485904689522,417.91485287200425,417.40906568453863
3.000000000000002,-2.3752764496998036,-0.8284447320179952,19.576553991894542,6.1466251940852,0.1505976496655297,0.0,-2.5843024323760906,-1.2999923795709485,4.827787287098183,-0.09375635620333699,-0.017786904951861155,0.0,465.2840194162387,464.49157746928114,464.61455817185407,465.84513360335364
3.0600000000000023,-2.53320665245376,-0.9089362758345199,19.866437265845246,6.140750679734069,0.14952374548437852,0.0,-2.6799892259777294,-1.3835574060889249,4.8347642140067295,-0.10786421882572275,-0.018122321877034265,0.0,438.59107413424283,438.5632742298241,437.902091934761,436.71823804544465
3.1200000000000023,-2.6975473023502268,-0.99519339292776,20.161159537712138,6.133762469568111,0.14821555382122398,0.0,-2.7978453710920776,-1.4922975986821299,4.988354788825251,-0.14539689116886198,-0.03042554430763423,0.0,484.2191505960509,483.2926041079141,485.60458679463477,482.7686394558498
3.1800000000000024,-2.8687722399865843,-1.0879708112625477,20.46394167902029,6.125214086590857,0.1468066713290117,0.0,-2.9094584070600256,-1.6010895084107075,5.103548803522889,-0.13719269525588468,-0.012324784332271386,0.0,473.3701898034083,474.76118456604735,474.53692994502626,475.14885005662796
3.2400000000000024,-3.046074243387473,-1.1868025580450987,20.769535564967867,6.116996988916053,0.14583624783762428,0.0,-3.000607915902486,-1.6939999982322025,5.082737864681653,-0.1364743344179231,-0.025266958003117058,0.0,434.3671946609718,433.2803379216363,432.6176180033997,432.66019775358075
3.3000000000000025,-3.2291473864961846,-1.2916989012280835,21.075906561638423,6.109022751682215,0.14409365423325848,0.0,-3.1017048168299715,-1.803257469193322,5.129110435635466,-0.12658533064366628,-0.037930793272763275,0.0,455.9722716110798,454.95902483655584,454.83263635063366,455.6082233251346
3.3600000000000025,-3.4183411442474685,-1.4033932912210858,21.385531776546603,6.101403825986129,0.14182799680223734,0.0,-3.2045557666804276,-1.9205625680896992,5.191134908889766,-0.12778682394629978,-0.03742351075611482,0.0,461.0532164490195,461.0926787560718,461.6406882005983,461.5318060777097
3.4200000000000026,-3.6139300491586943,-1.5225985339884682,21.700575955409576,6.094380609542917,0.13907453648026813,0.0,-3.3148055829523733,-2.0535929934839863,5.309428390099526,-0.10140437331268841,-0.07391389795687048,0.0,481.019345550685,478.24609173642426,478.95425717303476,480.9453102974894
3.4800000000000026,-3.8154895094740127,-1.649125566594389,22.018479816208153,6.087779879631155,0.13499783381910113,0.0,-3.4035896757018795,-2.164529542729233,5.287261077062021,-0.13895520780409037,-0.05809746872896524,0.0,435.88839737423734,437.20477865849745,439.9010599177316,436.76794909471613
3.5400000000000027,-4.022571126514527,-1.7827833816492353,22.336776535933442,6.079356944693512,0.13172825657636178,0.0,-3.4988740674546004,-2.2914677353231396,5.3221290222638995,-0.14339734451081657,-0.04811666989264652,0.0,456.1551563408013,456.94972169950177,456.01990396708425,455.6470579705611
3.6000000000000028,-4.234977586720121,-1.9236761505794262,22.654509778253818,6.070382932249764,0.12859549658761704,0.0,-3.5812213190089195,-2.4057066590253813,5.268925789253853,-0.1662320227438568,-0.062009602809173954,0.0,428.48869541082644,427.3037748630741,430.1490722105103,428.18808655177224
3.660000000000003,-4.452728694681741,-2.072298568495432,22.972322358071445,6.060544560974858,0.12447431867330394,0.0,-3.676825719714664,-2.549250960502697,5.32414172538855,-0.1598046349613067,-0.08740514238498308,0.0,464.36085783684933,462.36039149414876,464.14302360054035,464.6228841760826
3.720000000000003,-4.676085061980418,-2.2296078318682575,23.292868851655086,6.050548828404068,0.11887622210238025,0.0,-3.7679599363576943,-2.6952537528169342,5.360180439072586,-0.18577239254098254,-0.10895310761576733,0.0,460.1598631423985,458.4432514808922,460.2400118596431,458.15341838254716
3.780000000000003,-4.904711704657875,-2.3956572566580783,23.614606830161968,6.039519980750066,0.1124500183970154,0.0,-3.852461045812759,-2.8407011669695685,5.364005324695692,-0.18016536325167407,-0.1036420763338644,0.0,448.8570378073394,449.277988209058,451.0784489492201,451.49892138271565
3.840000000000003,-5.138567799617584,-2.5711757804108517,23.938675316903293,6.0293505782647685,0.10585683286646486,0.0,-3.9421742430817135,-3.010846839120616,5.43744289161356,-0.15390928555116754,-0.12684948213424163,0.0,473.1716842744122,471.3710796491665,472.80042893877635,474.7932216327636
3.900000000000003,-5.377360834445694,-2.7563040419870024,24.264008664631525,6.020229869027107,0.09810813696826681,0.0,-4.017094959133526,-3.160923028588199,5.406821211486953,-0.14846818350241117,-0.13417824863001032,0.0,442.29014700457986,441.67058492799754,440.8724664606887,441.29992875475057
3.960000000000003,-5.620607658480324,-2.9507696956073013,24.58808315045416,6.011521371755293,0.09002841259828198,0.0,-4.090569460416952,-3.322067651058164,5.395367036614964,-0.1392101694041575,-0.13564660625323305,0.0,448.60205838371445,448.4662355470327,447.5529468088003,448.28642958427133
4.020000000000002,-5.86839484298029,-3.155810156890725,24.914079164861377,6.00401733111168,0.0820943843788271,0.0,-4.168292603452504,-3.513308010714435,5.470368315705918,-0.10599727093087392,-0.1261643211081828,0.0,475.71323176741714,476.42406029694007,475.13323170076,477.65944977740503
4.080000000000001,-6.120681854993288,-3.372369950618588,25.244127247407427,5.997442605103696,0.07477998012528175,0.0,-4.240647157882131,-3.705921873772216,5.530525693798856,-0.1179191858466822,-0.11452768835129533,0.0,473.3928409997665,474.2750987046786,473.16366606588383,472.2348480512043
4.14,-6.37697143798906,-3.599773801803663,25.57481786068519,5.990169026108962,0.06747473885477984,0.0,-4.301899527198429,-3.8748983067797553,5.492315134307756,-0.12882441947335593,-0.1428920549101273,0.0,445.33190631103605,442.9910719304502,442.92473772997,442.0132942479415
4.199999999999998,-6.636885780366743,-3.837670790366307,25.903871825098058,5.982581432639265,0.05881218917375097,0.0,-4.361314562527982,-4.055734962291096,5.475842992391997,-0.12211103760233945,-0.14751802788324575,0.0,451.46017962983115,451.0675300626133,450.18783741493445,450.71649099601393
4.259999999999997,-6.900155382532653,-4.0861104290569115,26.230415920579627,5.975025180483424,0.05024975430493228,0.0,-4.413818760105415,-4.226343887640532,5.408945689997101,-0.1349567940782186,-0.13450673500510563,0.0,434.2539890078928,435.32472863862745,435.2679426413618,434.17631797074625
4.319999999999996,-7.166623696277846,-4.345879056628993,26.555861378803012,5.966873517564117,0.04281264770207027,0.0,-4.467857998711798,-4.433348741804969,5.4385418239135745,-0.13773166361960357,-0.10849712319099969,0.0,465.05231993053945,467.0720046745779,467.07082913597,466.8382305895493
4.379999999999995,-7.4359959572714605,-4.616521563352519,26.87778231424223,5.958597478817838,0.035848080060643106,0.0,-4.5109302973421945,-4.588931923047897,5.292484015532909,-0.13834124292741623,-0.13893505508959672,0.0,410.26577385209987,407.53937166088934,408.5625076162777,408.4886775970357
4.439999999999993,-7.707925566873421,-4.8970449832828225,27.19209842090231,5.950706417269384,0.027181606272816516,0.0,-4.552931199711801,-4.762699424068876,5.184831037828154,-0.12052783966177975,-0.1586897654361117,0.0,422.38395471469545,420.6552330582095,421.01970542046905,422.5413865205878
4.499999999999992,-7.982328467972304,-5.188835775722494,27.501919252524555,5.944011401116086,0.01733204381861686,0.0,-4.593181673765047,-4.964401537923249,5.142290501266355,-0.09795498182122725,-0.1782781143232189,0.0,443.9797649905321,442.3430812816205,443.38565813748085,445.22536794106685
4.559999999999991,-8.259041664764327,-5.49359696848915,27.81118552819677,5.937744349596777,0.006229536877775388,0.0,-4.629729489802255,-5.194928959581669,5.165986577397162,-0.1224142563692584,-0.20409742292622124,0.0,466.483131131313,464.42980957183454,467.3106597165705,465.39038470799403
4.6199999999999894,-8.537768955595878,-5.812671643906775,28.122706140075387,5.9300235934193335,6.277758138631011,0.0,-4.660175183406123,-5.441615713036562,5.217181939723967,-0.14571857079690725,-0.17964853679715675,0.0,474.70217503656113,476.5402896574118,477.1998839821647,475.40288357723887
4.679999999999988,-8.81815059199973,-6.145696893132494,28.434407890324756,5.921722319701857,6.267377179241825,0.0,-4.685148695175566,-5.660101825197946,5.172494242745868,-0.1266660991931395,-0.16228126709315974,0.0,447.11667632092013,448.5009250726844,445.0306658395497,446.56986523405106
4.739999999999987,-9.099859918347976,-6.492569820078801,28.744842954100893,5.914460770465439,6.258027301691648,0.0,-4.704437087170404,-5.9030736009537765,5.174635617103148,-0.11163735063259535,-0.145338241525215,0.0,462.5704241123686,463.88093740429804,462.4801272606592,463.6498995690793
4.799999999999986,-9.382664858186914,-6.85309553655408,29.052499601800033,5.907400131847647,6.248912673565581,0.0,-4.721837886833907,-6.1152783502724954,5.080462262841799,-0.13385725075669458,-0.17017384496192567,0.0,433.73523523245603,431.62075063896145,432.8679433951729,430.9802543626136
4.859999999999984,-9.666490356553034,-7.225545023796704,29.351994366459387,5.899180290422571,6.2391529219943465,0.0,-4.738485733063812,-6.300723119333221,4.903031840470393,-0.14415315527061742,-0.15078903649502462,0.0,402.3215391766331,404.0448586824725,402.29302932657595,401.3397195703215
4.919999999999983,-9.950932732377815,-7.611620106255951,29.64654643476186,5.89058511525063,6.230180277718322,0.0,-4.742223842723104,-6.569268907723152,4.9143754181633605,-0.14151262850687296,-0.14716648424237339,0.0,467.32893772626227,467.59147187682305,467.95604473738206,468.1435828873811
4.979999999999982,-10.235514684541624,-8.013582999602157,29.940637015434355,5.882391359093429,6.221651801760567,0.0,-4.743206087537853,-6.830337538470322,4.887837339219348,-0.12815864957549106,-0.13362870518561704,0.0,457.18445731577174,458.24378032135644,456.76429376924045,457.81149280773576
5.0399999999999805,-10.519982531404121,-8.431680436611042,30.233683988282426,5.874726259502744,6.213539038223928,0.0,-4.7384493790188085,-7.107013639340533,4.879425321564032,-0.12695067948022556,-0.13858152533916795,0.0,465.2615029272913,464.85746179348587,465.5609037830315,465.64134655173217
